/*--------------------------------*- C++ -*----------------------------------*\
| =========                 |                                                 |
| \\      /  F ield         | OpenFOAM: The Open Source CFD Toolbox           |
|  \\    /   O peration     | Version:  3.10                                 |
|   \\  /    A nd           | Web:      www.OpenFOAM.org                      |
|    \\/     M anipulation  |                                                 |
\*---------------------------------------------------------------------------*/
FoamFile
{
    version     2.0;
    format      ascii;
    class       dictionary;
    object      blockMeshDict;
}
// * * * * * * * * * * * * * * * * * * * * * * * * * * * * * * * * * * * * * //

convertToMeters 1e-6;

vertices
(

    (-200 0 0)//0
    (-80 0 0)//1
    (80 0 0)//2
    (200 0 0)//3
    (-200 350 0)//4
    (-80 350 0)//5
    (80 350 0)//6
    (200 350 0)//7
    (-200 450 0)//8
    (-80 450 0)//9
    (80 450 0)//10
    (200 450 0)//11
    (-200 0 3000)//12
    (-80 0 3000)//13
    (80 0 3000)//14
    (200 0 3000)//15
    (-200 350 3000)//16
    (-80 350 3000)//17
    (80 350 3000)//18
    (200 350 3000)//19
    (-200 450 3000)//20
    (-80 450 3000)//21
    (80 450 3000)//22
    (200 450 3000)//23
    
    (-200 0 100)//24
    (-80 0 100)//25
    (80 0 100)//26
    (200 0 100)//27
    (-200 350 100)//28
    (-80 350 100)//29
    (80 350 100)//30
    (200 350 100)//31
    (-200 450 100)//32
    (-80 450 100)//32
    (80 450 100)//34
    (200 450 100)//35
    (-200 0 2900)//36
    (-80 0 2900)//37
    (80 0 2900)//38
    (200 0 2900)//39
    (-200 350 2900)//40
    (-80 350 2900)//41
    (80 350 2900)//42
    (200 350 2900)//43
    (-200 450 2900)//44
    (-80 450 2900)//45
    (80 450 2900)//46
    (200 450 2900)//47
    
    
    
    
    
      

);
blocks
(
  
    hex (0 1 5 4 24 25 29 28) (12 70 10) simpleGrading (0.4 1 0.4)		//REGION 1
    hex (1 2 6 5 25 26 30 29) (32 70 10) simpleGrading (1 1 0.4)		//REGION 2
    hex (2 3 7 6 26 27 31 30) (12 70 10) simpleGrading (2.5 1 0.4)		//REGION 3
    hex (4 5 9 8 28 29 33 32) (12 10 10) simpleGrading (0.4 2.5 0.4)		//REGION 4
    hex (5 6 10 9 29 30 34 33) (32 10 10) simpleGrading (1 2.5 0.4)		//REGION 4
    hex (6 7 11 10 30 31 35 34) (12 10 10) simpleGrading (2.5 2.5 0.4)		//REGION 4
    
    hex (24 25 29 28 36 37 41 40) (12 70 560) simpleGrading (0.4 1 1)		//REGION 1
    hex (25 26 30 29 37 38 42 41) (32 70 560) simpleGrading (1 1 1)		//REGION 2
    hex (26 27 31 30 38 39 43 42) (12 70 560) simpleGrading (2.5 1 1)		//REGION 3
    hex (28 29 33 32 40 41 45 44) (12 10 560) simpleGrading (0.4 2.5 1)		//REGION 4
    hex (29 30 34 33 41 42 46 45) (32 10 560) simpleGrading (1 2.5 1)		//REGION 4
    hex (30 31 35 34 42 43 47 46) (12 10 560) simpleGrading (2.5 2.5 1)		//REGION 4
    
    hex (36 37 41 40 12 13 17 16) (12 70 10) simpleGrading (0.4 1 2.5)		//REGION 1
    hex (37 38 42 41 13 14 18 17) (32 70 10) simpleGrading (1 1 2.5)		//REGION 2
    hex (38 39 43 42 14 15 19 18) (12 70 10) simpleGrading (2.5 1 2.5)		//REGION 3
    hex (40 41 45 44 16 17 21 20) (12 10 10) simpleGrading (0.4 2.5 2.5)		//REGION 4
    hex (41 42 46 45 17 18 22 21) (32 10 10) simpleGrading (1 2.5 2.5)		//REGION 4
    hex (42 43 47 46 18 19 23 22) (12 10 10) simpleGrading (2.5 2.5 2.5)		//REGION 4



);

edges
(
);

boundary
(

    lowerWall
    {
        type wall;
        faces
        (
            (8 32 33 9)
            (32 33  45 44)
            (45 44 20 21)
            (33 9 10 34)
            (34 33 45 46)
            (45 46 22 21)
            (10 34 35 11)
            (34 35 47 46)
            (47 46 22 23)

        );
    }

    atmosphere
    {
        type patch;
        faces
        (
            (3 27 26 2)
            (26 2 1 25)
            (1 25 24 0)
            (27 26 38 39)
            (26 38 37 25)
            (37 25 24 36)
            (38 39 15 14)
            (14 38 37 13)
            (37 13 12 36)
        );
    }
    rightWall
    {
        type patch;
        faces
        (
            (3 7 31 27)
            (31 27 39 43)
            (39 43 19 15)
            (7 31 35 11)
            (31 35 47 43)
            (47 43 19 23)
	    
        );
    }
    leftWall
    {
        type patch;
        faces
        (
            (0 24 28 4)
            (24 28 40 36)
            (40 36 12 16)
            (28 4 8 32)
            (32 28 40 44)
            (40 44 20 16)
        );
    }
    frontAndBack
    {
        type patch;
        faces
        (
            (0 4 5 1)
            (5 1 2 6)
            (2 6 7 3)
            (6 7 11 10)
            (10 6 5 9)
            (5 9 8 4)
            (15 19 18 14)
            (18 14 13 17)
            (13 17 16 12)
            (17 16 20 21)
            (21 17 18 22)
            (18 22 23 19)
	    
        );
    }
);

mergePatchPairs
(


);

// ************************************************************************* //
